-0.000000 -0.000000 -0.000000 -0.000000 -0.000000 -0.000000 -0.000000 -0.000000 -0.000000 -0.000000 -0.000000 -0.000000 -0.000000 -0.000000 -0.000000 
-0.006230 -0.006230 -0.006189 -0.005981 -0.005410 -0.004253 -0.002392 -0.000000 0.002392 0.004253 0.005410 0.005981 0.006189 0.006230 0.006230 
-0.012460 -0.012502 -0.012543 -0.012326 -0.011404 -0.009210 -0.005315 -0.000000 0.005315 0.009210 0.011404 0.012326 0.012543 0.012502 0.012460 
-0.018607 -0.018773 -0.019157 -0.019374 -0.018673 -0.015868 -0.009659 -0.000000 0.009659 0.015868 0.018673 0.019374 0.019157 0.018773 0.018607 
-0.024422 -0.024827 -0.025936 -0.027342 -0.028044 -0.025928 -0.017454 -0.000000 0.017454 0.025928 0.028044 0.027342 0.025936 0.024827 0.024422 
-0.029426 -0.030178 -0.032420 -0.036014 -0.040232 -0.042348 -0.034230 -0.000000 0.034230 0.042348 0.040232 0.036014 0.032420 0.030178 0.029426 
-0.032928 -0.034037 -0.037551 -0.044060 -0.054524 -0.069000 -0.077118 0.000000 0.077118 0.069000 0.054524 0.044060 0.037551 0.034037 0.032928 
-0.034211 -0.035493 -0.039687 -0.048153 -0.064803 -0.102011 -0.205241 -0.000000 0.205241 0.102011 0.064803 0.048153 0.039687 0.035493 0.034211 
-0.032928 -0.034037 -0.037551 -0.044060 -0.054524 -0.069000 -0.077118 -0.000000 0.077118 0.069000 0.054524 0.044060 0.037551 0.034037 0.032928 
-0.029426 -0.030178 -0.032420 -0.036014 -0.040232 -0.042348 -0.034230 -0.000000 0.034230 0.042348 0.040232 0.036014 0.032420 0.030178 0.029426 
-0.024422 -0.024827 -0.025936 -0.027342 -0.028044 -0.025928 -0.017454 -0.000000 0.017454 0.025928 0.028044 0.027342 0.025936 0.024827 0.024422 
-0.018607 -0.018773 -0.019157 -0.019374 -0.018673 -0.015868 -0.009659 -0.000000 0.009659 0.015868 0.018673 0.019374 0.019157 0.018773 0.018607 
-0.012460 -0.012502 -0.012543 -0.012326 -0.011404 -0.009210 -0.005315 -0.000000 0.005315 0.009210 0.011404 0.012326 0.012543 0.012502 0.012460 
-0.006230 -0.006230 -0.006189 -0.005981 -0.005410 -0.004253 -0.002392 -0.000000 0.002392 0.004253 0.005410 0.005981 0.006189 0.006230 0.006230 
-0.000000 -0.000000 -0.000000 -0.000000 -0.000000 -0.000000 -0.000000 -0.000000 -0.000000 -0.000000 -0.000000 -0.000000 -0.000000 -0.000000 -0.000000 
