-0.000000 -0.000451 -0.000902 -0.001353 -0.001803 -0.002254 -0.002703 -0.003152 -0.003598 -0.004042 -0.004481 -0.004915 -0.005341 -0.005757 -0.006162 -0.006551 -0.006922 -0.007272 -0.007597 -0.007894 -0.008160 -0.008390 -0.008581 -0.008732 -0.008840 -0.008902 -0.008918 -0.008888 -0.008811 -0.008690 -0.008524 -0.008318 -0.008073 -0.007793 -0.007480 -0.007139 -0.006773 -0.006386 -0.005979 -0.005558 -0.005123 -0.004678 -0.004226 -0.003767 -0.003303 -0.002835 -0.002366 -0.001894 -0.001421 -0.000948 -0.000474 -0.000000 
-0.000000 -0.000451 -0.000902 -0.001353 -0.001804 -0.002254 -0.002704 -0.003153 -0.003600 -0.004044 -0.004484 -0.004919 -0.005346 -0.005764 -0.006169 -0.006560 -0.006933 -0.007284 -0.007611 -0.007910 -0.008177 -0.008409 -0.008602 -0.008754 -0.008862 -0.008925 -0.008941 -0.008911 -0.008834 -0.008711 -0.008545 -0.008337 -0.008091 -0.007809 -0.007495 -0.007152 -0.006784 -0.006395 -0.005987 -0.005564 -0.005128 -0.004683 -0.004229 -0.003769 -0.003305 -0.002837 -0.002367 -0.001895 -0.001422 -0.000948 -0.000474 -0.000000 
-0.000000 -0.000451 -0.000902 -0.001353 -0.001804 -0.002255 -0.002706 -0.003156 -0.003604 -0.004050 -0.004493 -0.004930 -0.005360 -0.005782 -0.006191 -0.006587 -0.006965 -0.007322 -0.007654 -0.007958 -0.008230 -0.008466 -0.008664 -0.008819 -0.008930 -0.008995 -0.009012 -0.008981 -0.008902 -0.008777 -0.008607 -0.008395 -0.008144 -0.007857 -0.007538 -0.007190 -0.006817 -0.006422 -0.006010 -0.005583 -0.005143 -0.004695 -0.004238 -0.003776 -0.003310 -0.002840 -0.002369 -0.001896 -0.001423 -0.000949 -0.000474 -0.000000 
-0.000000 -0.000451 -0.000902 -0.001353 -0.001805 -0.002256 -0.002708 -0.003160 -0.003611 -0.004060 -0.004506 -0.004948 -0.005384 -0.005811 -0.006228 -0.006631 -0.007017 -0.007383 -0.007724 -0.008038 -0.008318 -0.008563 -0.008768 -0.008929 -0.009044 -0.009112 -0.009130 -0.009098 -0.009017 -0.008887 -0.008711 -0.008492 -0.008233 -0.007937 -0.007609 -0.007252 -0.006871 -0.006468 -0.006048 -0.005614 -0.005168 -0.004714 -0.004253 -0.003787 -0.003318 -0.002846 -0.002373 -0.001899 -0.001424 -0.000950 -0.000475 -0.000000 
-0.000000 -0.000451 -0.000901 -0.001353 -0.001805 -0.002258 -0.002711 -0.003165 -0.003619 -0.004072 -0.004524 -0.004972 -0.005415 -0.005852 -0.006279 -0.006693 -0.007091 -0.007469 -0.007823 -0.008150 -0.008443 -0.008699 -0.008915 -0.009085 -0.009207 -0.009278 -0.009298 -0.009265 -0.009179 -0.009043 -0.008859 -0.008630 -0.008359 -0.008050 -0.007709 -0.007339 -0.006945 -0.006531 -0.006100 -0.005656 -0.005202 -0.004740 -0.004273 -0.003802 -0.003328 -0.002853 -0.002378 -0.001902 -0.001426 -0.000951 -0.000475 -0.000000 
-0.000000 -0.000450 -0.000900 -0.001352 -0.001804 -0.002258 -0.002714 -0.003170 -0.003628 -0.004087 -0.004545 -0.005001 -0.005454 -0.005902 -0.006342 -0.006770 -0.007184 -0.007579 -0.007951 -0.008294 -0.008605 -0.008877 -0.009107 -0.009289 -0.009420 -0.009497 -0.009518 -0.009483 -0.009393 -0.009248 -0.009052 -0.008808 -0.008522 -0.008197 -0.007838 -0.007451 -0.007040 -0.006611 -0.006165 -0.005709 -0.005243 -0.004772 -0.004297 -0.003819 -0.003340 -0.002861 -0.002383 -0.001905 -0.001428 -0.000951 -0.000475 -0.000000 
-0.000000 -0.000449 -0.000899 -0.001350 -0.001802 -0.002257 -0.002715 -0.003175 -0.003637 -0.004101 -0.004567 -0.005034 -0.005498 -0.005960 -0.006416 -0.006862 -0.007296 -0.007712 -0.008106 -0.008472 -0.008805 -0.009098 -0.009346 -0.009544 -0.009687 -0.009771 -0.009795 -0.009758 -0.009660 -0.009504 -0.009292 -0.009030 -0.008723 -0.008376 -0.007995 -0.007586 -0.007155 -0.006705 -0.006242 -0.005770 -0.005291 -0.004808 -0.004323 -0.003837 -0.003352 -0.002869 -0.002387 -0.001907 -0.001428 -0.000951 -0.000475 -0.000000 
-0.000000 -0.000447 -0.000896 -0.001346 -0.001798 -0.002254 -0.002713 -0.003176 -0.003643 -0.004115 -0.004590 -0.005067 -0.005546 -0.006024 -0.006499 -0.006967 -0.007425 -0.007867 -0.008289 -0.008683 -0.009044 -0.009364 -0.009636 -0.009854 -0.010012 -0.010106 -0.010134 -0.010093 -0.009986 -0.009814 -0.009583 -0.009297 -0.008964 -0.008589 -0.008181 -0.007744 -0.007287 -0.006813 -0.006329 -0.005837 -0.005342 -0.004845 -0.004349 -0.003855 -0.003363 -0.002874 -0.002389 -0.001907 -0.001428 -0.000951 -0.000475 -0.000000 
-0.000000 -0.000445 -0.000891 -0.001339 -0.001791 -0.002247 -0.002707 -0.003174 -0.003646 -0.004125 -0.004609 -0.005100 -0.005594 -0.006091 -0.006589 -0.007083 -0.007570 -0.008044 -0.008499 -0.008928 -0.009324 -0.009677 -0.009980 -0.010223 -0.010401 -0.010508 -0.010540 -0.010495 -0.010376 -0.010185 -0.009928 -0.009612 -0.009246 -0.008837 -0.008393 -0.007924 -0.007435 -0.006933 -0.006423 -0.005909 -0.005395 -0.004882 -0.004373 -0.003869 -0.003371 -0.002877 -0.002389 -0.001905 -0.001425 -0.000948 -0.000474 -0.000000 
-0.000000 -0.000441 -0.000884 -0.001330 -0.001780 -0.002235 -0.002696 -0.003165 -0.003642 -0.004128 -0.004624 -0.005128 -0.005640 -0.006159 -0.006682 -0.007206 -0.007727 -0.008239 -0.008735 -0.009207 -0.009646 -0.010041 -0.010382 -0.010659 -0.010862 -0.010985 -0.011022 -0.010973 -0.010838 -0.010622 -0.010332 -0.009978 -0.009570 -0.009118 -0.008633 -0.008122 -0.007596 -0.007060 -0.006520 -0.005981 -0.005445 -0.004916 -0.004393 -0.003879 -0.003373 -0.002874 -0.002383 -0.001899 -0.001419 -0.000944 -0.000471 -0.000000 
-0.000000 -0.000437 -0.000875 -0.001316 -0.001763 -0.002216 -0.002677 -0.003148 -0.003630 -0.004123 -0.004629 -0.005148 -0.005679 -0.006221 -0.006774 -0.007332 -0.007893 -0.008450 -0.008995 -0.009520 -0.010012 -0.010459 -0.010849 -0.011168 -0.011404 -0.011547 -0.011592 -0.011535 -0.011380 -0.011132 -0.010801 -0.010399 -0.009939 -0.009434 -0.008896 -0.008337 -0.007766 -0.007191 -0.006617 -0.006049 -0.005490 -0.004942 -0.004405 -0.003880 -0.003367 -0.002865 -0.002372 -0.001887 -0.001409 -0.000937 -0.000467 -0.000000 
-0.000000 -0.000430 -0.000862 -0.001298 -0.001739 -0.002189 -0.002649 -0.003120 -0.003605 -0.004105 -0.004621 -0.005155 -0.005706 -0.006275 -0.006859 -0.007457 -0.008063 -0.008673 -0.009276 -0.009864 -0.010422 -0.010935 -0.011387 -0.011759 -0.012038 -0.012208 -0.012262 -0.012197 -0.012015 -0.011725 -0.011340 -0.010877 -0.010352 -0.009781 -0.009181 -0.008564 -0.007941 -0.007321 -0.006708 -0.006109 -0.005524 -0.004956 -0.004405 -0.003870 -0.003351 -0.002845 -0.002352 -0.001869 -0.001394 -0.000926 -0.000462 -0.000000 
-0.000000 -0.000421 -0.000845 -0.001273 -0.001708 -0.002153 -0.002609 -0.003079 -0.003566 -0.004071 -0.004597 -0.005145 -0.005716 -0.006312 -0.006931 -0.007572 -0.008230 -0.008901 -0.009574 -0.010238 -0.010877 -0.011473 -0.012003 -0.012446 -0.012779 -0.012985 -0.013052 -0.012975 -0.012757 -0.012413 -0.011959 -0.011417 -0.010810 -0.010159 -0.009483 -0.008797 -0.008114 -0.007442 -0.006787 -0.006153 -0.005542 -0.004954 -0.004389 -0.003845 -0.003320 -0.002813 -0.002321 -0.001842 -0.001373 -0.000911 -0.000454 -0.000000 
-0.000000 -0.000410 -0.000823 -0.001241 -0.001668 -0.002104 -0.002555 -0.003022 -0.003508 -0.004016 -0.004550 -0.005111 -0.005703 -0.006326 -0.006982 -0.007669 -0.008386 -0.009126 -0.009881 -0.010637 -0.011376 -0.012075 -0.012707 -0.013241 -0.013648 -0.013902 -0.013986 -0.013892 -0.013628 -0.013210 -0.012665 -0.012023 -0.011312 -0.010562 -0.009794 -0.009028 -0.008275 -0.007545 -0.006844 -0.006174 -0.005536 -0.004929 -0.004351 -0.003800 -0.003273 -0.002767 -0.002279 -0.001805 -0.001344 -0.000891 -0.000444 -0.000000 
-0.000000 -0.000397 -0.000796 -0.001202 -0.001616 -0.002043 -0.002484 -0.002945 -0.003428 -0.003936 -0.004475 -0.005047 -0.005657 -0.006307 -0.007000 -0.007738 -0.008518 -0.009337 -0.010186 -0.011053 -0.011915 -0.012745 -0.013508 -0.014164 -0.014671 -0.014990 -0.015097 -0.014980 -0.014651 -0.014135 -0.013469 -0.012696 -0.011855 -0.010982 -0.010105 -0.009244 -0.008413 -0.007621 -0.006871 -0.006164 -0.005500 -0.004875 -0.004287 -0.003731 -0.003204 -0.002702 -0.002221 -0.001757 -0.001306 -0.000865 -0.000431 -0.000000 
-0.000000 -0.000380 -0.000764 -0.001153 -0.001553 -0.001966 -0.002395 -0.002846 -0.003321 -0.003827 -0.004367 -0.004946 -0.005571 -0.006245 -0.006975 -0.007763 -0.008611 -0.009517 -0.010475 -0.011472 -0.012486 -0.013482 -0.014417 -0.015236 -0.015880 -0.016291 -0.016430 -0.016282 -0.015861 -0.015209 -0.014381 -0.013436 -0.012430 -0.011407 -0.010399 -0.009431 -0.008513 -0.007654 -0.006854 -0.006111 -0.005423 -0.004784 -0.004190 -0.003633 -0.003111 -0.002617 -0.002146 -0.001694 -0.001258 -0.000833 -0.000415 -0.000000 
-0.000000 -0.000361 -0.000725 -0.001095 -0.001476 -0.001872 -0.002285 -0.002721 -0.003185 -0.003682 -0.004218 -0.004800 -0.005434 -0.006129 -0.006891 -0.007728 -0.008645 -0.009645 -0.010726 -0.011876 -0.013073 -0.014280 -0.015442 -0.016484 -0.017320 -0.017864 -0.018051 -0.017856 -0.017303 -0.016459 -0.015408 -0.014238 -0.013022 -0.011815 -0.010656 -0.009565 -0.008555 -0.007627 -0.006779 -0.006005 -0.005297 -0.004650 -0.004054 -0.003502 -0.002989 -0.002507 -0.002052 -0.001617 -0.001199 -0.000793 -0.000395 -0.000000 
-0.000000 -0.000338 -0.000679 -0.001027 -0.001386 -0.001759 -0.002152 -0.002570 -0.003016 -0.003499 -0.004024 -0.004601 -0.005238 -0.005945 -0.006733 -0.007613 -0.008597 -0.009694 -0.010906 -0.012231 -0.013651 -0.015125 -0.016587 -0.017938 -0.019053 -0.019795 -0.020054 -0.019787 -0.019038 -0.017915 -0.016556 -0.015086 -0.013604 -0.012176 -0.010842 -0.009621 -0.008515 -0.007521 -0.006630 -0.005831 -0.005112 -0.004463 -0.003873 -0.003333 -0.002835 -0.002372 -0.001937 -0.001524 -0.001128 -0.000745 -0.000371 -0.000000 
-0.000000 -0.000311 -0.000626 -0.000947 -0.001280 -0.001628 -0.001996 -0.002388 -0.002811 -0.003273 -0.003780 -0.004342 -0.004971 -0.005679 -0.006482 -0.007395 -0.008437 -0.009625 -0.010975 -0.012493 -0.014173 -0.015981 -0.017842 -0.019629 -0.021158 -0.022208 -0.022584 -0.022201 -0.021144 -0.019608 -0.017814 -0.015946 -0.014131 -0.012444 -0.010917 -0.009559 -0.008363 -0.007312 -0.006389 -0.005577 -0.004858 -0.004218 -0.003643 -0.003123 -0.002647 -0.002209 -0.001799 -0.001413 -0.001045 -0.000690 -0.000343 -0.000000 
-0.000000 -0.000281 -0.000566 -0.000857 -0.001160 -0.001477 -0.001814 -0.002176 -0.002569 -0.003000 -0.003479 -0.004017 -0.004625 -0.005320 -0.006120 -0.007048 -0.008130 -0.009395 -0.010874 -0.012594 -0.014568 -0.016783 -0.019171 -0.021578 -0.023742 -0.025296 -0.025871 -0.025290 -0.023730 -0.021560 -0.019146 -0.016752 -0.014531 -0.012550 -0.010823 -0.009337 -0.008065 -0.006975 -0.006038 -0.005229 -0.004525 -0.003906 -0.003358 -0.002867 -0.002423 -0.002016 -0.001638 -0.001285 -0.000949 -0.000626 -0.000311 -0.000000 
-0.000000 -0.000248 -0.000499 -0.000756 -0.001024 -0.001306 -0.001607 -0.001932 -0.002287 -0.002681 -0.003121 -0.003620 -0.004192 -0.004855 -0.005630 -0.006547 -0.007640 -0.008952 -0.010533 -0.012439 -0.014722 -0.017412 -0.020480 -0.023772 -0.026935 -0.029363 -0.030315 -0.029358 -0.026924 -0.023756 -0.020459 -0.017386 -0.014690 -0.012402 -0.010490 -0.008902 -0.007584 -0.006484 -0.005560 -0.004776 -0.004105 -0.003525 -0.003016 -0.002565 -0.002160 -0.001793 -0.001454 -0.001138 -0.000840 -0.000553 -0.000275 -0.000000 
-0.000000 -0.000211 -0.000425 -0.000645 -0.000874 -0.001116 -0.001376 -0.001658 -0.001968 -0.002314 -0.002704 -0.003151 -0.003669 -0.004277 -0.005000 -0.005870 -0.006931 -0.008239 -0.009867 -0.011908 -0.014470 -0.017665 -0.021563 -0.026094 -0.030863 -0.034906 -0.036667 -0.034902 -0.030854 -0.026081 -0.021546 -0.017643 -0.014443 -0.011876 -0.009831 -0.008198 -0.006884 -0.005817 -0.004941 -0.004211 -0.003596 -0.003071 -0.002616 -0.002217 -0.001861 -0.001541 -0.001247 -0.000975 -0.000718 -0.000473 -0.000235 -0.000000 
-0.000000 -0.000171 -0.000345 -0.000524 -0.000711 -0.000910 -0.001123 -0.001356 -0.001613 -0.001902 -0.002231 -0.002611 -0.003055 -0.003584 -0.004221 -0.005003 -0.005976 -0.007206 -0.008789 -0.010855 -0.013585 -0.017214 -0.022014 -0.028180 -0.035516 -0.042734 -0.046543 -0.042730 -0.035509 -0.028169 -0.022000 -0.017197 -0.013563 -0.010830 -0.008760 -0.007173 -0.005938 -0.004961 -0.004174 -0.003531 -0.002997 -0.002547 -0.002160 -0.001824 -0.001528 -0.001262 -0.001019 -0.000796 -0.000585 -0.000385 -0.000191 -0.000000 
-0.000000 -0.000129 -0.000260 -0.000395 -0.000537 -0.000688 -0.000850 -0.001028 -0.001227 -0.001450 -0.001707 -0.002005 -0.002358 -0.002782 -0.003299 -0.003944 -0.004762 -0.005822 -0.007228 -0.009138 -0.011799 -0.015593 -0.021099 -0.029095 -0.040286 -0.053969 -0.064042 -0.053967 -0.040281 -0.029088 -0.021088 -0.015581 -0.011783 -0.009120 -0.007207 -0.005798 -0.004734 -0.003913 -0.003265 -0.002743 -0.002315 -0.001958 -0.001655 -0.001393 -0.001163 -0.000959 -0.000773 -0.000603 -0.000443 -0.000291 -0.000144 -0.000000 
-0.000000 -0.000085 -0.000171 -0.000260 -0.000354 -0.000454 -0.000562 -0.000681 -0.000815 -0.000966 -0.001141 -0.001346 -0.001589 -0.001885 -0.002251 -0.002711 -0.003305 -0.004092 -0.005162 -0.006671 -0.008880 -0.012262 -0.017692 -0.026816 -0.042566 -0.068814 -0.101689 -0.068813 -0.042563 -0.026811 -0.017686 -0.012254 -0.008870 -0.006659 -0.005149 -0.004076 -0.003288 -0.002692 -0.002229 -0.001861 -0.001562 -0.001315 -0.001107 -0.000929 -0.000774 -0.000636 -0.000512 -0.000399 -0.000293 -0.000192 -0.000095 -0.000000 
-0.000000 -0.000039 -0.000079 -0.000121 -0.000165 -0.000212 -0.000263 -0.000320 -0.000385 -0.000459 -0.000545 -0.000647 -0.000769 -0.000919 -0.001107 -0.001345 -0.001657 -0.002076 -0.002659 -0.003502 -0.004788 -0.006882 -0.010592 -0.017909 -0.034347 -0.077033 -0.205088 -0.077032 -0.034346 -0.017908 -0.010589 -0.006879 -0.004784 -0.003498 -0.002653 -0.002070 -0.001650 -0.001337 -0.001098 -0.000909 -0.000758 -0.000634 -0.000530 -0.000443 -0.000367 -0.000300 -0.000241 -0.000187 -0.000137 -0.000090 -0.000044 -0.000000 
-0.000000 0.000007 0.000014 0.000021 0.000028 0.000035 0.000042 0.000048 0.000055 0.000061 0.000067 0.000073 0.000078 0.000084 0.000089 0.000093 0.000098 0.000102 0.000105 0.000109 0.000111 0.000114 0.000116 0.000117 0.000118 0.000119 0.000119 0.000118 0.000118 0.000116 0.000115 0.000112 0.000110 0.000106 0.000103 0.000099 0.000095 0.000090 0.000085 0.000080 0.000074 0.000068 0.000062 0.000056 0.000049 0.000043 0.000036 0.000029 0.000022 0.000014 0.000007 -0.000000 
-0.000000 0.000053 0.000108 0.000163 0.000221 0.000282 0.000347 0.000417 0.000494 0.000581 0.000679 0.000793 0.000926 0.001087 0.001285 0.001533 0.001853 0.002281 0.002870 0.003720 0.005012 0.007110 0.010824 0.018144 0.034584 0.077271 0.205326 0.077270 0.034582 0.018141 0.010819 0.007104 0.005004 0.003711 0.002860 0.002269 0.001840 0.001518 0.001268 0.001069 0.000906 0.000771 0.000655 0.000555 0.000466 0.000386 0.000312 0.000244 0.000180 0.000119 0.000059 -0.000000 
-0.000000 0.000099 0.000200 0.000303 0.000410 0.000524 0.000646 0.000779 0.000925 0.001089 0.001276 0.001492 0.001748 0.002054 0.002430 0.002900 0.003503 0.004297 0.005375 0.006890 0.009105 0.012491 0.017925 0.027052 0.042804 0.069054 0.101929 0.069052 0.042800 0.027045 0.017916 0.012480 0.009091 0.006874 0.005356 0.004276 0.003479 0.002873 0.002400 0.002021 0.001712 0.001453 0.001233 0.001042 0.000873 0.000722 0.000584 0.000456 0.000336 0.000221 0.000110 -0.000000 
-0.000000 0.000143 0.000289 0.000438 0.000594 0.000759 0.000935 0.001126 0.001338 0.001574 0.001843 0.002153 0.002517 0.002952 0.003480 0.004134 0.004961 0.006029 0.007442 0.009359 0.012026 0.015825 0.021334 0.029334 0.040527 0.054211 0.064284 0.054208 0.040521 0.029324 0.021322 0.015809 0.012007 0.009336 0.007416 0.005999 0.004927 0.004096 0.003438 0.002905 0.002466 0.002097 0.001781 0.001506 0.001263 0.001045 0.000846 0.000661 0.000487 0.000321 0.000159 -0.000000 
-0.000000 0.000186 0.000374 0.000568 0.000769 0.000981 0.001208 0.001455 0.001725 0.002027 0.002369 0.002760 0.003217 0.003756 0.004404 0.005195 0.006177 0.007416 0.009006 0.011079 0.013814 0.017449 0.022253 0.028422 0.035760 0.042979 0.046788 0.042975 0.035752 0.028409 0.022236 0.017428 0.013789 0.011050 0.008972 0.007377 0.006133 0.005146 0.004350 0.003696 0.003150 0.002687 0.002288 0.001939 0.001629 0.001349 0.001093 0.000855 0.000630 0.000415 0.000206 -0.000000 
-0.000000 0.000226 0.000454 0.000689 0.000933 0.001189 0.001463 0.001758 0.002082 0.002441 0.002844 0.003303 0.003833 0.004452 0.005185 0.006066 0.007136 0.008453 0.010088 0.012136 0.014704 0.017904 0.021806 0.026341 0.031111 0.035156 0.036916 0.035151 0.031101 0.026326 0.021786 0.017879 0.014673 0.012100 0.010047 0.008405 0.007083 0.006006 0.005119 0.004378 0.003751 0.003214 0.002746 0.002333 0.001964 0.001630 0.001322 0.001035 0.000763 0.000503 0.000250 -0.000000 
-0.000000 0.000263 0.000528 0.000801 0.001083 0.001380 0.001695 0.002034 0.002403 0.002810 0.003263 0.003775 0.004359 0.005033 0.005820 0.006747 0.007849 0.009170 0.010759 0.012672 0.014961 0.017656 0.020728 0.024023 0.027188 0.029618 0.030570 0.029612 0.027177 0.024006 0.020704 0.017627 0.014925 0.012630 0.010710 0.009114 0.007786 0.006676 0.005741 0.004946 0.004263 0.003670 0.003148 0.002684 0.002265 0.001883 0.001530 0.001199 0.000885 0.000584 0.000290 -0.000000 
-0.000000 0.000296 0.000596 0.000903 0.001220 0.001552 0.001904 0.002280 0.002687 0.003132 0.003625 0.004175 0.004795 0.005502 0.006313 0.007252 0.008344 0.009618 0.011105 0.012832 0.014812 0.017033 0.019425 0.021836 0.024002 0.025557 0.026132 0.025551 0.023988 0.021816 0.019398 0.016999 0.014771 0.012783 0.011049 0.009554 0.008272 0.007171 0.006224 0.005403 0.004686 0.004055 0.003493 0.002988 0.002530 0.002108 0.001716 0.001347 0.000995 0.000657 0.000326 -0.000000 
-0.000000 0.000327 0.000657 0.000994 0.001342 0.001705 0.002087 0.002495 0.002932 0.003408 0.003928 0.004504 0.005146 0.005866 0.006680 0.007604 0.008656 0.009854 0.011212 0.012738 0.014424 0.016237 0.018103 0.019894 0.021425 0.022477 0.022853 0.022469 0.021410 0.019871 0.018073 0.016199 0.014378 0.012684 0.011149 0.009782 0.008575 0.007514 0.006580 0.005755 0.005023 0.004370 0.003781 0.003247 0.002757 0.002303 0.001878 0.001477 0.001093 0.000722 0.000359 -0.000000 
-0.000000 0.000354 0.000710 0.001074 0.001449 0.001838 0.002247 0.002679 0.003140 0.003637 0.004177 0.004767 0.005417 0.006137 0.006937 0.007828 0.008823 0.009929 0.011150 0.012483 0.013909 0.015389 0.016856 0.018211 0.019328 0.020072 0.020332 0.020064 0.019312 0.018186 0.016823 0.015347 0.013859 0.012423 0.011081 0.009850 0.008734 0.007729 0.006826 0.006014 0.005283 0.004620 0.004016 0.003461 0.002948 0.002469 0.002018 0.001589 0.001177 0.000778 0.000387 -0.000000 
-0.000000 0.000377 0.000757 0.001144 0.001541 0.001953 0.002382 0.002834 0.003313 0.003825 0.004375 0.004971 0.005619 0.006327 0.007101 0.007950 0.008878 0.009888 0.010978 0.012136 0.013340 0.014554 0.015721 0.016767 0.017606 0.018151 0.018338 0.018142 0.017588 0.016740 0.015685 0.014508 0.013285 0.012071 0.010902 0.009802 0.008781 0.007842 0.006981 0.006194 0.005473 0.004811 0.004200 0.003634 0.003105 0.002607 0.002135 0.001684 0.001250 0.000827 0.000411 -0.000000 
-0.000000 0.000397 0.000797 0.001204 0.001620 0.002049 0.002495 0.002961 0.003453 0.003973 0.004528 0.005122 0.005761 0.006449 0.007192 0.007992 0.008851 0.009768 0.010736 0.011742 0.012763 0.013766 0.014706 0.015529 0.016176 0.016589 0.016728 0.016579 0.016156 0.015500 0.014667 0.013717 0.012703 0.011672 0.010655 0.009676 0.008747 0.007876 0.007063 0.006307 0.005605 0.004951 0.004341 0.003769 0.003230 0.002719 0.002232 0.001764 0.001310 0.000867 0.000432 -0.000000 
-0.000000 0.000414 0.000831 0.001254 0.001685 0.002128 0.002587 0.003064 0.003563 0.004088 0.004642 0.005229 0.005854 0.006518 0.007225 0.007975 0.008767 0.009597 0.010457 0.011333 0.012203 0.013040 0.013809 0.014469 0.014979 0.015300 0.015407 0.015290 0.014958 0.014438 0.013767 0.012988 0.012139 0.011258 0.010371 0.009499 0.008656 0.007851 0.007088 0.006367 0.005687 0.005047 0.004443 0.003871 0.003327 0.002808 0.002310 0.001828 0.001359 0.000901 0.000449 -0.000000 
-0.000000 0.000428 0.000859 0.001295 0.001738 0.002193 0.002661 0.003144 0.003648 0.004173 0.004722 0.005300 0.005906 0.006545 0.007215 0.007916 0.008645 0.009397 0.010163 0.010928 0.011676 0.012383 0.013021 0.013560 0.013970 0.014226 0.014310 0.014215 0.013948 0.013527 0.012976 0.012327 0.011609 0.010849 0.010071 0.009293 0.008528 0.007785 0.007070 0.006385 0.005731 0.005108 0.004513 0.003945 0.003400 0.002876 0.002370 0.001879 0.001399 0.000928 0.000463 -0.000000 
-0.000000 0.000440 0.000881 0.001328 0.001781 0.002244 0.002718 0.003206 0.003710 0.004233 0.004775 0.005340 0.005928 0.006539 0.007173 0.007828 0.008500 0.009183 0.009868 0.010542 0.011191 0.011794 0.012331 0.012779 0.013116 0.013324 0.013391 0.013313 0.013093 0.012744 0.012284 0.011735 0.011120 0.010459 0.009772 0.009074 0.008377 0.007691 0.007021 0.006372 0.005744 0.005139 0.004557 0.003995 0.003452 0.002927 0.002416 0.001918 0.001430 0.000949 0.000473 -0.000000 
-0.000000 0.000449 0.000899 0.001354 0.001815 0.002283 0.002761 0.003251 0.003755 0.004272 0.004807 0.005357 0.005926 0.006511 0.007111 0.007723 0.008344 0.008967 0.009583 0.010182 0.010750 0.011272 0.011730 0.012108 0.012391 0.012563 0.012618 0.012551 0.012367 0.012072 0.011682 0.011211 0.010676 0.010095 0.009483 0.008853 0.008216 0.007581 0.006952 0.006336 0.005735 0.005149 0.004579 0.004026 0.003488 0.002963 0.002450 0.001948 0.001453 0.000965 0.000482 -0.000000 
-0.000000 0.000456 0.000914 0.001374 0.001840 0.002313 0.002793 0.003283 0.003784 0.004296 0.004821 0.005358 0.005907 0.006467 0.007036 0.007611 0.008187 0.008758 0.009316 0.009853 0.010356 0.010812 0.011210 0.011534 0.011775 0.011921 0.011966 0.011908 0.011750 0.011497 0.011159 0.010749 0.010279 0.009763 0.009213 0.008640 0.008054 0.007463 0.006872 0.006286 0.005709 0.005142 0.004586 0.004042 0.003509 0.002986 0.002473 0.001969 0.001470 0.000977 0.000488 -0.000000 
-0.000000 0.000461 0.000924 0.001390 0.001860 0.002335 0.002816 0.003305 0.003802 0.004308 0.004823 0.005346 0.005877 0.006414 0.006955 0.007497 0.008034 0.008561 0.009072 0.009557 0.010007 0.010412 0.010762 0.011045 0.011253 0.011379 0.011417 0.011366 0.011227 0.011006 0.010710 0.010347 0.009928 0.009464 0.008965 0.008439 0.007897 0.007344 0.006786 0.006228 0.005673 0.005124 0.004581 0.004047 0.003520 0.003001 0.002489 0.001983 0.001482 0.000986 0.000492 -0.000000 
-0.000000 0.000466 0.000932 0.001401 0.001873 0.002350 0.002831 0.003318 0.003811 0.004310 0.004816 0.005326 0.005841 0.006358 0.006874 0.007387 0.007891 0.008382 0.008852 0.009296 0.009704 0.010068 0.010380 0.010631 0.010814 0.010924 0.010957 0.010911 0.010788 0.010591 0.010326 0.010001 0.009623 0.009200 0.008742 0.008256 0.007750 0.007230 0.006701 0.006167 0.005632 0.005099 0.004569 0.004044 0.003523 0.003008 0.002498 0.001992 0.001490 0.000992 0.000495 -0.000000 
-0.000000 0.000469 0.000938 0.001409 0.001883 0.002360 0.002840 0.003325 0.003814 0.004307 0.004804 0.005303 0.005803 0.006302 0.006797 0.007285 0.007762 0.008222 0.008660 0.009070 0.009445 0.009777 0.010059 0.010285 0.010449 0.010546 0.010575 0.010533 0.010422 0.010244 0.010004 0.009708 0.009361 0.008972 0.008548 0.008094 0.007618 0.007125 0.006620 0.006107 0.005590 0.005071 0.004552 0.004035 0.003521 0.003010 0.002502 0.001997 0.001495 0.000996 0.000497 -0.000000 
-0.000000 0.000471 0.000942 0.001415 0.001889 0.002366 0.002846 0.003328 0.003813 0.004300 0.004789 0.005278 0.005765 0.006249 0.006727 0.007195 0.007649 0.008085 0.008497 0.008880 0.009228 0.009534 0.009794 0.010001 0.010150 0.010238 0.010263 0.010224 0.010122 0.009959 0.009738 0.009464 0.009143 0.008780 0.008382 0.007954 0.007502 0.007031 0.006546 0.006051 0.005549 0.005042 0.004534 0.004024 0.003516 0.003009 0.002503 0.002000 0.001498 0.000998 0.000499 -0.000000 
-0.000000 0.000472 0.000945 0.001418 0.001893 0.002370 0.002848 0.003328 0.003810 0.004292 0.004774 0.005254 0.005732 0.006203 0.006666 0.007118 0.007554 0.007971 0.008363 0.008725 0.009052 0.009340 0.009582 0.009774 0.009912 0.009993 0.010016 0.009979 0.009884 0.009731 0.009525 0.009268 0.008966 0.008624 0.008246 0.007838 0.007405 0.006952 0.006484 0.006002 0.005512 0.005016 0.004515 0.004013 0.003509 0.003006 0.002503 0.002000 0.001499 0.000999 0.000499 -0.000000 
-0.000000 0.000473 0.000947 0.001421 0.001896 0.002372 0.002849 0.003327 0.003806 0.004284 0.004761 0.005234 0.005703 0.006165 0.006618 0.007057 0.007480 0.007881 0.008258 0.008605 0.008917 0.009190 0.009419 0.009601 0.009731 0.009807 0.009828 0.009793 0.009702 0.009558 0.009362 0.009118 0.008830 0.008502 0.008140 0.007747 0.007329 0.006889 0.006433 0.005963 0.005482 0.004993 0.004500 0.004002 0.003503 0.003002 0.002501 0.002000 0.001500 0.000999 0.000500 -0.000000 
-0.000000 0.000474 0.000948 0.001422 0.001897 0.002373 0.002849 0.003326 0.003802 0.004277 0.004750 0.005219 0.005682 0.006138 0.006582 0.007012 0.007425 0.007817 0.008183 0.008519 0.008821 0.009084 0.009305 0.009479 0.009603 0.009676 0.009696 0.009662 0.009575 0.009435 0.009247 0.009011 0.008733 0.008416 0.008064 0.007682 0.007274 0.006844 0.006396 0.005933 0.005459 0.004976 0.004487 0.003994 0.003497 0.002999 0.002499 0.001999 0.001499 0.000999 0.000500 -0.000000 
-0.000000 0.000474 0.000948 0.001423 0.001898 0.002373 0.002849 0.003325 0.003800 0.004273 0.004743 0.005209 0.005669 0.006120 0.006560 0.006985 0.007393 0.007778 0.008138 0.008468 0.008764 0.009021 0.009237 0.009406 0.009528 0.009599 0.009618 0.009584 0.009499 0.009363 0.009178 0.008948 0.008675 0.008364 0.008019 0.007643 0.007240 0.006816 0.006373 0.005915 0.005445 0.004966 0.004480 0.003989 0.003494 0.002997 0.002498 0.001999 0.001499 0.000999 0.000500 -0.000000 
-0.000000 0.000474 0.000948 0.001423 0.001898 0.002373 0.002849 0.003324 0.003799 0.004271 0.004741 0.005206 0.005665 0.006115 0.006553 0.006976 0.007382 0.007765 0.008123 0.008451 0.008745 0.009000 0.009214 0.009382 0.009503 0.009573 0.009592 0.009558 0.009474 0.009339 0.009156 0.008927 0.008656 0.008347 0.008003 0.007629 0.007229 0.006807 0.006365 0.005909 0.005440 0.004962 0.004477 0.003987 0.003493 0.002996 0.002498 0.001999 0.001499 0.000999 0.000500 -0.000000 
